%YAML:1.0
---
cameraMatrix: !!opencv-matrix
   rows: 3
   cols: 3
   dt: d
   data: [ 1.0530360718194911e+03, 0., 9.4356367189005687e+02, 0.,
       1.0528082553315735e+03, 5.4875491769142047e+02, 0., 0., 1. ]
distortionCoefficients: !!opencv-matrix
   rows: 1
   cols: 5
   dt: d
   data: [ 4.9477292007380783e-02, -6.8001459058910224e-02,
       6.7223359991244193e-04, -3.8661173110202340e-03,
       2.1888742260837750e-02 ]
rotation: !!opencv-matrix
   rows: 3
   cols: 3
   dt: d
   data: [ 1., 0., 0., 0., 1., 0., 0., 0., 1. ]
projection: !!opencv-matrix
   rows: 4
   cols: 4
   dt: d
   data: [ 1.0530360718194911e+03, 0., 9.4356367189005687e+02, 0., 0.,
       1.0528082553315735e+03, 5.4875491769142047e+02, 0., 0., 0., 1.,
       0., 0., 0., 0., 1. ]
