%YAML:1.0
---
rotation: !!opencv-matrix
   rows: 3
   cols: 3
   dt: d
   data: [ 9.9988015097914462e-01, -5.7155433996086353e-03,
       1.4388058992447312e-02, 5.6798763921694197e-03,
       9.9998069770468101e-01, 2.5185754364659154e-03,
       -1.4402176297095877e-02, -2.4365511910655877e-03,
       9.9989331457721065e-01 ]
translation: !!opencv-matrix
   rows: 3
   cols: 1
   dt: d
   data: [ -5.1622934663987222e-02, 5.1125566156195437e-04,
       1.8777104521818082e-03 ]
essential: !!opencv-matrix
   rows: 3
   cols: 3
   dt: d
   data: [ -1.8028357439380866e-05, -1.8789199086512544e-03,
       5.0647196261388670e-04, 1.1340028044184583e-03,
       -1.3651405852318295e-04, 5.1644443858133687e-02,
       -8.0440627596399484e-04, -5.1619016118935157e-02,
       -1.3737223182177911e-04 ]
fundamental: !!opencv-matrix
   rows: 3
   cols: 3
   dt: d
   data: [ -2.0956398343837974e-08, -2.1804890533289835e-06,
       6.8001549897769029e-04, 1.3184649229244253e-06,
       -1.5845902793414856e-07, 2.1600435076450247e-02,
       -1.6883842886493020e-03, -6.0936620939219581e-02, 1. ]
