%YAML:1.0
---
cameraMatrix: !!opencv-matrix
   rows: 3
   cols: 3
   dt: d
   data: [ 3.6458871273468850e+02, 0., 2.4634635121715246e+02, 0.,
       3.6518931460714111e+02, 2.1105760113072037e+02, 0., 0., 1. ]
distortionCoefficients: !!opencv-matrix
   rows: 1
   cols: 5
   dt: d
   data: [ 1.0622687951139831e-01, -3.0903242838972411e-01,
       -1.3045513599333627e-04, 7.6458231501359903e-05,
       1.2657590930144194e-01 ]
rotation: !!opencv-matrix
   rows: 3
   cols: 3
   dt: d
   data: [ 1., 0., 0., 0., 1., 0., 0., 0., 1. ]
projection: !!opencv-matrix
   rows: 4
   cols: 4
   dt: d
   data: [ 3.6458871273468850e+02, 0., 2.4634635121715246e+02, 0., 0.,
       3.6518931460714111e+02, 2.1105760113072037e+02, 0., 0., 0., 1.,
       0., 0., 0., 0., 1. ]
