%YAML:1.0
---
depthShift: -1.0802021353781900e+01
